26123
69526
256358
256365
256372
256389
256439
256457
256573
256589
256591
256645
419429
720526
788520
789871
789904
789911
789932
789939
789967
789982
813886
873698
1156966
1156968
1156976
1156988
1156997
1157000
1157011
1157028
1157034
1157035
1157037
1157081
1157093
1157095
1157169
1157202
1157239
1157241
1159563
1159982
1164382
1186378
1186381
1186395
1186410
1186412
1186469
1186555
1186564
1186572
1186604
1186605
1186608
1192278
1192321
1193476
1193477
1327840
1327841
1327900
1327981
1328003
1369907
1398160
1398311
1398426
1398457
1398526
1398537
1398568
1514569
1651974
1653404
1653668
1653769
1653942
1654156
1876192
1876474
1876503
1927542
1944135
1950722
1957635
2008657
2008728
2008913
2009090
2009364
2009432
2009479
2047749
2056742
2056748
2056786
2056813
2056839
2056932
2056961
2056996
2057653
2059379
2155692
2155712
2155718
2155753
2793055
2863296
2863307
2863374
2863439
2863461
2863812
2988323
2988330
2988472
2988836
3094867
3094872
3094886
3094930
3094937
3094961
3094972
3094986
3094990
3096778
3207850
3207971
3266532
3266692
3273857
3274007
3274040
3274041
3274044
3274291
3274306
3274307
3274341
3274361
3274379
3274396
3274418
3274439
3274463
3274467
3274625
3274626
3274648
3274662
3274972
3275177
3275256
3275322
3746333
3842840
3842842
3842979
3842981
3843040
4325032
4325036
4325041
4325090
4325121
4325170
4325181
4325187
4325237
4325240
4325246
4325259
4325306
4326631
4543595
4543599
4543603
4543635
4543707
4543726
4543727
4543734
4543735
4543748
4543762
4543791
4543793
4543804
4543833
4543841
4543844
4599062
4599106
4599194
4599219
4599220
4599320
4599324
4599330
4599343
4599346
4599354
4599542
4599648
4600035
4600147
4600273
4600280
4600336
4759539
5322147
5322156
5322167
5322316
5603090
5603547
5627553
5627730
5628057
5628058
5628213
5628570
5687803
5705102
6161680
6161752
6161845
6321959
6321966
6418537
6707333
7174956
7424513
7424541
7424554
7424564
7424596
7424609
7424615
7424648
7424677
7424683
7424688
7424714
7424715
7424762
7424781
7437120
7437171
7437176
7437208
7437335
7437402
7437549
7437564
7437787
7437848
7438079
7438448
7438530
7438544
7438571
7438593
7438626
7438873
7453054
7456002
7456132
7540552
7633628
7660987
7673605
7927360
7927384
7927419
7927454
7927475
7927589
7927675
7930617
8264684
8334637
8334652
8334655
8334665
8334680
8334697
8334705
8334729
8334735
8334741
8334762
8334764
8334785
8334788
8432523
8588638
8731027
8731063
8898994
8989907
9288806
9336650
9508385
9732893
9819492
9872973
9872979
9872999
9873003
9873017
9873022
9873060
9873125
9873171
9873181
9873201
9873229
9873244
9873251
9873269
9873285
9873295
9873337
9873366
9873376
10143012
10143025
10220052
10220053
10220085
10220087
10220174
10220218
10220238
10220259
10220342
10220382
10220395
10220485
10220498
10220582
10220629
10220693
10220702
10220728
10220981
10221215
10221861
10221879
10221984
10222027
10222108
10222163
10222372
10222440
10222471
10222562
10222851
10222970
10223167
10223193
10223199
10223211
10223244
10223246
10223343
10223354
10223420
10223427
10223493
10223519
10223536
10223596
10223632
10223643
10223666
10223706
10223941
10224797
10224864
10225247
10225292
10225378
10225394
10225431
10225943
10226063
10226201
10226231
10226266
10226349
10226411
10226441
10226527
10226557
10226580
10227222
10227254
10227392
10227429
10227435
10227526
10227592
10227639
10227705
10227766
10227786
10227940
10227976
10227999
10335937
10335950
10335999
10336047
10336051
10336066
10336167
10864752
10866827
10897756
10897810
10897934
10897947
10897965
10897973
11017303
11019830
11051380
11334422
11334427
11334432
11334444
11334446
11334457
11334466
11334468
11334479
11334484
11334490
11334541
11540206
11540765
11551268
11551372
11557502
11557516
11557524
11557550
11557570
11971210
11971282
11971286
11971316
11971521
11971648
11971701
11971852
11971870
11972062
11972066
11972116
11972200
11972201
11972535
12025604
12025607
12025610
12025617
12025635
12025696
12025697
12025759
12025782
12025786
12025808
12025825
12025845
12025855
12025859
12025871
12052912
12052921
12193428
12233637
12233670
12234768
12234770
12235294
12235451
12237699
12237701
12237793
12239224
12239387
12246854
12246882
12246890
12246897
12246921
12246933
12247047
12247062
12247071
12247081
12247849
12248237
12248294
12248779
12248888
12248946
12248983
12249240
12250156
12250157
12250825
12250869
12250876
12250890
12250913
12250944
12250954
12251024
12265832
12265986
12266191
12266336
12581711
12581755
12677603
12677620
12677625
12677640
12677670
12677710
12677738
12677747
12677761
12677764
12677773
12677774
12677948
12678070
12678191
12678215
12678294
12724485
12724512
12724847
12724983
12724984
12725022
12725056
12725093
12725099
12725194
12725227
12725240
12725279
12725362
12725427
12725482
12725724
12725733
12725911
12725913
12726103
12726222
12726338
12726554
12726726
12729048
12796991
12903961
12967174
12969346
12971549
12971644
13351708
13351771
13351796
13351859
13351895
13351920
13351977
13351978
13351999
13352009
13352056
13352142
13353141
13353150
13353162
13353471
13353522
13353555
13797552
14059321
14143788
14143935
14143943
14143989
14144084
14144152
14144161
14144196
14144326
14144333
14144386
14144674
14144708
14144770
14144771
14144791
14470595
15567685
15591620
15591664
15900433
15909704
16329451
16329461
16329691
16329959
16330300
16330455
16331064
16331281
16331284
16331838
16332224
16332244
16332251
16332254
16332272
16332274
16332276
16332281
16332326
16332327
16332349
16332375
16332378
16332385
16332446
16861976
16862010
16862017
16862056
16862092
16862105
16862166
16863222
16863223
16863809
16863942
16863970
16863998
16864099
16864224
16865466
16865523
16865591
16865756
16865792
16866844
16995923
16995924
16995926
16995929
16995937
16995939
16995942
16995945
16995956
16995960
16995972
16995982
16995985
16995995
16995998
16996001
16996017
16996018
16996022
16996047
16996050
16996068
16996075
16996086
17211775
17453863
17482800
17733145
17733156
17733179
17733183
17733194
17733213
17733215
17733218
17733223
17733235
17733240
17733245
17733269
17733279
17733283
17733286
17733294
17733297
17733301
17733302
17733321
17733326
17733382
17733409
17733412
17733437
17835932
17836054
17999308
17999398
17999547
17999580
17999702
18205447
18463191
18465451
18465464
18465517
18465590
18705191
18854471
18863941
19172474
19210549
19210731
19210872
19361093
19361094
19506831
19506922
19506970
19507000
19507053
19507060
19507074
19507076
19567062
19628563
19628653
19782783
19782829
19782868
19783133
19783136
19783675
19783759
19783902
19783947
19784118
19784129
19784141
19925633
19925635
19925648
19925685
19925686
19925688
19925700
19925709
19925720
19925731
19925735
19925766
19927508
19927517
21048540
21048546
21048563
21048580
21048633
21048659
21048680
21048689
21048693
21048694
21122123
21177686
21177689
21177697
21177706
21177804
21177831
21177936
21178039
21178080
21178090
21178122
21178274
21178293
21187626
21194035
21198632
21198638
21220717
21287973
21288062
21288081
21288083
21288186
21288279
21288320
21288343
21288488
21288521
21288537
21288648
21288654
21288703
21288723
21288740
21288748
21288751
21288754
21288809
21289018
21289118
21289126
21289215
21289246
21289248
21289436
21289855
21289890
21289908
21289934
21289965
21290022
21290084
21777001
21777013
21777073
21777273
21916259
21916315
21916476
21916605
21926977
22195291
22198326
22200435
22200840
22200845
22200853
22200867
22200868
22200872
22200874
22200907
22200925
22200939
22200958
22200960
22201002
22201029
22201034
22201066
22201067
22201092
22203018
22203035
22203043
22203046
22203047
22203051
22245025
22245055
22245096
22245106
22245144
22245226
22245309
22246142
22325261
22575881
23283659
23354991
23355013
23355021
23355027
23355044
23355051
23355067
23355105
23355210
23355448
23355449
23355463
23355566
23355579
23355580
23454967
23553394
23553407
23553445
23553537
23553728
23553786
23553799
23553840
23553841
23553939
23555711
23555727
23555836
23556023
23734933
23734956
23735113
23735226
23735661
23967338
24193107
24193113
24193115
24193141
24193146
24193153
24193168
24193172
24193179
24193192
24193197
24193204
24369415
24382881
24659565
24785055
24983362
24983383
24983509
24983510
24983577
24983618
24983629
24984218
24984250
24984660
24984708
24984953
24985129
24985136
24985185
24985192
24985242
24985310
24985478
24985493
24985516
24985645
24985646
24985668
24985976
25262799
25262903
25263106
25263157
25263383
25263409
25263460
25263481
25263482
25263490
25263724
25359942
25367471
25367489
25367980
25368026
25368073
25368114
25368323
25368372
25368404
25368415
25368630
25368636
25368786
25368841
25368989
25369027
25369050
25370675
25370683
25370706
25370778
25371181
25371318
25371342
25371354
25371355
25371366
25414453
25414463
25514034
25516164
25516176
25634713
25728059
25728136
25728167
25728338
25730050
25730235
25730313
25730326
25730337
25730409
25730447
25730496
25730503
25730529
25730564
25730607
25730657
25730691
25730697
25730707
25751873
25869399
25869415
25869429
25869562
25869629
25961988
25966209
25966214
25966241
25966249
25966290
25975995
26003504
26003508
26003510
26003511
26003515
26003519
26003524
26003543
26003561
26003587
26003589
26018659
26019208
26192556
26522318
26522343
26538024
26559530
26792893
26792915
26792918
27072651
27073105
27074016
27074321
27127540
27642494
27642508
27642514
27642542
27642619
27642631
27642644
27846834
27846849
27846923
27846947
27846999
27847095
27847101
27848727
28125372
28336985
28337276
28511615
28515220
28515221
28515224
28515226
28515231
28515246
28515265
28515270
28515286
28515294
28515337
28921075
28921119
28921195
28921215
28921265
28921266
28921272
28921280
28921329
28921337
28921366
28921367
28921375
28921379
28921396
29958239
30399897
30555632
30555660
30555678
30555756
30555828
30625571
30721676
30820361
30820370
30820388
30820389
30820495
30820522
30820765
30820774
30820817
30821252
30962359
31293858
31293885
31293922
31294005
31428637
32045897
32136072
32518995
32851660
32854591
33030943
33172146
33262992
33573200
33849389
33987581
33987784
33987875
33987915
33987926
33987932
33987936
33988024
34054541
34147409
34184905
34184907
34186960
34285741
34285858
34285861
34285943
34285951
34398194
34400811
34419721
34419999
34420107
34420148
34420156
34420267
34420350
34420393
34420492
34420520
34420604
34420614
34420734
34420775
34420860
34421201
34459288
34464173
34464372
34464540
34515392
34542778
34876945
34900864
35134639
35134687
35137615
35137779
36528361
36623246
36788996
36789006
36910647
36910877
36935210
36935299
36935328
36935354
36935442
36935556
36935613
36935685
37162611
37162617
37162631
37162659
37162660
37162676
37162678
37162683
37162732
37162740
37162818
37722770
37722788
37722793
37722820
37722834
37723080
37723084
37723087
37723200
37724264
37724358
37724360
37724466
37724481
37724514
37724580
37724687
37724727
37724731
37724734
37724764
37762583
37839980
38213309
38406956
38407040
38407207
38407890
38591044
38602358
39105659
39110360
39110368
39110450
39110494
39110528
39110569
39536256
39536264
39536285
39536431
39536747
39536820
39596382
39596424
39596445
39773331
39927081
40117178
40345537
40346471
40346480
40346512
40346557
40346561
40346563
40346597
40346604
40346628
40346699
40346705
40346805
40346808
40346912
40347357
40347491
40372838
40373011
40551354
40551409
40551463
40761304
40761356
40761389
40761438
40761446
40902190
41070326
41070339
41070395
41070466
41070479
41070482
41070503
41070532
41070552
41070558
41070588
41070640
41070643
41070658
41070704
41070739
41070745
41070776
41070936
41071106
41071202
41075836
41075838
41075851
41075927
41075930
41075992
41076000
41076047
41076129
41077090
41077217
41077228
41077301
41077347
41077402
41077737
41077750
41077778
41077799
41077918
41264686
41395193
41573330
41758850
41758864
41758887
41758894
41759048
41759212
41759242
41759337
41759343
41759411
41759449
41818449
42199710
42902853
42912600
42912633
42912839
42913584
42970849
42970965
42971007
42971024
42971025
42971048
42971054
42971063
42971153
42971160
42971178
42971325
42971346
42971465
42971492
42971507
42971509
42971514
42971638
42972146
42975764
42975780
42975793
42975835
42975848
42975935
42975941
42975995
42976039
42976048
42976071
42976102
42976128
42976228
42976283
43035282
43278887
43390081
43657746
44192389
44192399
44192514
44192547
44624519
44624529
44624558
44624632
44625973
44627714
44949593
45090634
45238969
45345912
45642409
45898866
45898867
45898924
45898964
45899041
45899063
45899210
45899215
45899225
45899308
45957555
45957572
45957582
45957588
45957658
45957672
45957691
45957766
45957784
45957792
45957816
46105757
46105758
46105794
46105963
46106155
46106233
46106340
46386766
46386785
46386845
46388754
46388782
46388842
46388848
46388868
46388951
46388953
46388957
46567459
46567462
46567650
46567823
46567829
46567934
46568108
46568362
46568363
46568427
46568428
46569151
46569155
46616675
46616676
46616679
46616717
46616724
46616771
46752595
46752789
46753185
46754305
46755120
46755131
46755144
46755162
46755245
46755247
46755253
46755284
46755463
46755468
46783039
46783055
46783056
46783388
46836244
46836290
46836385
46836398
46836416
46836562
46836675
46836891
46837049
46837163
46965989
47005677
47007551
47036876
47036884
47036900
47037001
47037066
47037161
47037206
47037299
47037513
47254401
47254418
47254446
47254472
47254493
47458590
47458677
47458916
47527757
48031460
48031461
48120761
48217081
48233553
48244339
48245146
48518619
48649578
48672058
48735487
49236071
49236074
49236154
49236317
49236380
49236414
49236474
49236599
49236612
49236705
49237550
49370678
49370717
49370749
49370751
49370813
49370897
50132235
50181882
50181893
50181936
50181938
50181953
50181961
50181963
50181970
50181971
50181980
50182030
50182046
50182056
50182235
50183879
50445918
50445925
50633613
50633892
50668541
50996776
51044691
51051863
51548384
51548385
51548387
51548405
51548417
51548428
51548430
51548435
51548442
51548469
51548471
51548473
51548477
51548481
51548493
51548521
51548566
51565096
51565138
51565153
51565176
51565179
51565192
51565277
51565283
51565307
51565308
51565968
51988581
52043381
52069218
52069259
52069518
52069522
52069678
52069792
52070656
52070665
52070794
52070882
52070951
52070962
52071061
52071066
52071116
52071197
52071238
52071257
52071258
52071374
52075502
52075511
52075519
52075583
52075589
52075594
52075659
52075663
52075695
52075737
52075950
52075961
52075964
52076174
52076175
52076184
52076252
52076277
52076416
52076417
52076449
52076519
52076528
52076530
52076589
52076646
52076677
52240018
52532509
52534776
52535113
52535227
53011902
53017841
53050637
53050884
53050895
53050908
53051029
53056864
53293322
53293382
53293386
53293390
53293423
53293458
53293512
53472059
53558206
53558262
53558282
53558326
53558359
53558391
53558494
53558514
53558545
53558556
53558573
53737865
53763870
53777365
53777408
53777422
53852254
53852263
54023542
54023569
54023597
54023714
54023752
54025363
54025512
54284898
54370535
54370551
54370577
54370593
54370652
54371738
54374870
54375399
54381001
54381003
54381040
54381043
54381045
54381075
54381087
54381105
54381127
54396510
54626487
54626499
54626541
54626545
54626653
54626657
54626717
54646422
54929107
55138044
55138245
55188119
55188131
55188171
55188184
55188193
55263835
55907558
55907619
55907707
55907717
55907753
55907797
56094952
56094975
56095021
56095055
56197464
56197695
56197867
56282954
56470276
56470281
56470385
56470399
56470431
56470501
56470502
56470576
56470619
56470620
56470854
56470892
56470901
56470906
56470927
56470985
56470991
56470993
56763818
56763976
56763990
56764557
56764565
56765579
56767222
56767286
56767301
56767310
56767350
56767362
56767380
56767417
56767504
56767518
56767523
56767654
56767663
56767696
56767781
56992684
56999584
57005278
57028334
57028533
57029712
57343820
57388092
57388135
57388187
57388259
57388269
57388304
57388375
57388420
57388532
57388545
57389285
57389337
57389341
57389508
57389827
57389844
57389856
57390257
57390332
57390487
57390491
57390517
57392118
57392138
57392302
57392369
57392419
57392512
57392555
57392632
57392640
57392725
57392742
57428159
57428425
57428427
57428512
57428536
57428567
57428678
57428793
57428978
57429110
57546319
57746707
57800364
57800466
57831252
57864640
57921642
57921650
57921651
57921657
57921681
57921697
57922460
58247892
58852219
58852228
58854355
58854359
58854460
58854615
59032381
59071784
59071818
59071882
59071917
59101480
59295989
59660200
59660220
59660223
59660583
59660619
59660742
59660786
59661097
59661184
59661193
60132166
60197604
60228554
60375030
60426625
60562782
60569556
60569562
60569604
60569657
60604193
61055694
61055846
61055862
61055908
61660586
62090688
62090733
62090744
62130646
62285778
62285807
62285913
62285925
62285947
62285957
62435678
62435737
62435744
62459101
62459852
62469782
62617237
62763089
62763138
62763147
63594650
63594689
63594695
63594702
63594741
63594742
63612892
63617705
63742161
63742162
63742163
63742175
63742218
63742236
63742241
63742285
63742321
63742334
63742383
63742394
63742415
63793826
64186382
64186383
64186391
64186429
64616314
64822622
64955326
65602092
65811464
65814001
65814170
65884054
65884055
65884308
65937641
65937657
66087022
66087125
66158785
66167929
66172182
66172273
66172287
66172398
66172497
66262965
66263021
66263151
66263152
66263194
66263213
66263216
66263237
66263312
66263328
66263329
66382165
66382167
66382174
66382182
66382192
66382273
66382285
66682883
66721793
66721947
66722046
66723349
66835880
66843096
66843169
66843379
66843382
67204600
67204623
67204769
67287578
67287601
67287603
67287617
67287692
67287696
67287710
67288201
67288394
67289086
67506408
67514753
67514764
67514765
67514770
67514790
67514791
67514793
67514817
67514828
67514851
67514856
67514863
67514869
67514873
67514879
67514882
67514883
67514893
67514896
67514907
67514909
67523174
67572484
67572584
67572826
67573744
67573774
67573786
67573866
67573874
67573908
67573928
67573954
67573998
67574116
67574156
67574168
67574217
67574242
67574283
67574358
67574510
67574631
67574640
67575454
67575478
67575481
67575527
67575529
67575561
67575568
67575572
67575586
67575595
67575668
67575708
67575715
67575749
67575759
67575779
67604856
67770354
68479595
68479627
68479645
68479694
68479796
68479809
68479860
68479890
68479897
68479951
68500911
68500921
68500937
68500956
68500966
68500993
68501058
68501061
68501126
68501133
68501134
68501145
68501197
68501217
68516267
68729516
69114028
69301151
69446219
69749632
69749670
69749704
69749737
69749757
69749841
69750002
69750056
69750074
69750078
69750150
69750248
69750272
69750323
69750630
69750713
69750752
69750756
69750879
69750951
69750963
69750976
69751057
69751133
69751185
69751217
69751218
69751238
69751251
69751273
69751327
69751613
69751622
69751665
69751675
69751677
69751696
69751704
69751803
69751841
69751844
69752004
69752194
69752205
69752299
69752313
69752328
69752329
69752392
69752428
69752436
69752577
69752601
69752675
69752692
69752704
69752769
69752792
69752793
69752796
69752819
69752824
69752899
69752925
69752934
69752959
69752965
69752970
69752995
69908624
69909002
69909527
69909606
70090979
70091006
70142606
70142647
70151030
70151034
70151111
70246855
70414596
70414628
70414691
70866822
70866856
70866890
70866901
70866908
70866916
70866921
70866925
70866932
70866942
70868138
70868324
70868369
70868371
70868433
70868439
70868440
70868479
70868482
70868495
70988996
71105844
71105962
71105981
71106033
71738684
71738781
71750508
71906679
71906838
71910211
71910216
71910220
71910349
71910394
71910408
71910409
71911506
71911805
71912197
71912203
71912209
71912243
71912276
71912804
71912808
71912810
71912821
71912828
71912833
71912843
71912867
71912884
71912939
71912942
71912953
72004481
72004573
72004577
72004585
72004676
72004796
72004862
72004870
72004949
72005271
72007699
72007759
72007813
72007919
72008065
72008082
72217560
72217662
72217862
72217921
72218300
72218400
72218528
72218570
72219786
72219882
72294704
72419406
72419568
72512111
72512125
72582560
72583387
72583586
72587803
72587991
72588014
72588079
72588119
72588236
72588379
72592095
72595805
72595833
72595915
72595959
72596001
72596003
72596061
72596110
72596179
72596237
72596365
72596382
72596387
72596594
72597678
72641618
72641633
72641639
72641675
72641691
72641725
72641728
72700629
72701150
72706972
72706988
72707017
72707035
72707043
72837301
72837385
72837569
72841853
72842077
72847028
72961697
72963564
72974552
72982698
73354620
73354727
73354737
73354813
73354902
73354907
73354970
73354973
73354998
73355079
73355090
73355293
73355308
73356372
73358467
73359075
73367628
73367717
73367726
73367879
73367895
73367904
73367916
73368228
73368229
73368241
73368327
73368381
73368468
73368496
73368514
73372107
73372200
73372261
73372263
73372938
73372959
73373228
73373240
73373553
73373718
73375769
73375814
73375898
73383411
73530153
73532665
73532733
73645767
73847202
73847210
73847214
73847285
73847326
73847328
73847330
73847332
73847349
73847380
73922089
73982816
75560004
75866637
75866910
75866918
75866990
75867048
75867103
75867155
75867165
75867187
75867189
75867193
75867196
75867504
75867522
75867625
75875247
75875265
75875280
75875295
75875310
75875325
75875340
75875378
75875395
75875432
75875492
75876566
75876569
75876605
75876806
75959269
75959271
75959324
75959330
75959336
75959341
75959356
75959444
75959545
75959612
76102101
76102206
76102272
76102407
76102518
76102564
76102591
76990555
76990592
76990748
76990811
76990898
77120710
77192102
77195364
77196013
77197924
77198406
77265172
78119225
78163224
78245944
78309964
78310229
78310230
78310288
78399329
78436543
78436910
78436917
78448195
78541048
78541063
78541075
78541131
78541155
78559031
79006023
79256997
